iso1.2L	0	300000	16
iso1.2L	300000	600000	22
iso1.2L	600000	900000	31
iso1.2L	900000	1200000	13
iso1.2L	1200000	1500000	17
iso1.2L	1500000	1800000	24
iso1.2L	1800000	2100000	23
iso1.2L	2100000	2400000	16
iso1.2L	2400000	2700000	29
iso1.2L	2700000	3000000	25
iso1.2L	3000000	3300000	29
iso1.2L	3300000	3600000	9
iso1.2L	3600000	3900000	25
iso1.2L	3900000	4200000	28
iso1.2L	4200000	4500000	18
iso1.2L	4500000	4800000	21
iso1.2L	4800000	5100000	13
iso1.2L	5100000	5400000	13
iso1.2L	5400000	5700000	24
iso1.2L	5700000	6000000	21
iso1.2L	6000000	6300000	25
iso1.2L	6300000	6600000	21
iso1.2L	6600000	6900000	14
iso1.2L	6900000	7200000	22
iso1.2L	7200000	7500000	29
iso1.2L	7500000	7800000	11
iso1.2L	7800000	8100000	25
iso1.2L	8100000	8400000	20
iso1.2L	8400000	8700000	24
iso1.2L	8700000	9000000	26
iso1.2L	9000000	9300000	29
iso1.2L	9300000	9600000	29
iso1.2L	9600000	9900000	27
iso1.2L	9900000	10200000	25
iso1.2L	10200000	10500000	14
iso1.2L	10500000	10800000	28
iso1.2L	10800000	11100000	34
iso1.2L	11100000	11400000	20
iso1.2L	11400000	11700000	34
iso1.2L	11700000	12000000	21
iso1.2L	12000000	12300000	43
iso1.2L	12300000	12600000	22
iso1.2L	12600000	12900000	46
iso1.2L	12900000	13200000	32
iso1.2L	13200000	13500000	25
iso1.2L	13500000	13800000	27
iso1.2L	13800000	14100000	28
iso1.2L	14100000	14400000	25
iso1.2L	14400000	14700000	22
iso1.2L	14700000	15000000	51
iso1.2L	15000000	15300000	28
iso1.2L	15300000	15600000	31
iso1.2L	15600000	15900000	38
iso1.2L	15900000	16200000	33
iso1.2L	16200000	16500000	26
iso1.2L	16500000	16800000	26
iso1.2L	16800000	17100000	34
iso1.2L	17100000	17400000	43
iso1.2L	17400000	17700000	22
iso1.2L	17700000	18000000	37
iso1.2L	18000000	18300000	20
iso1.2L	18300000	18600000	27
iso1.2L	18600000	18900000	17
iso1.2L	18900000	19200000	23
iso1.2L	19200000	19487545	29
iso1.2R	0	300000	17
iso1.2R	300000	600000	35
iso1.2R	600000	900000	20
iso1.2R	900000	1200000	30
iso1.2R	1200000	1500000	23
iso1.2R	1500000	1800000	37
iso1.2R	1800000	2100000	31
iso1.2R	2100000	2400000	42
iso1.2R	2400000	2700000	25
iso1.2R	2700000	3000000	22
iso1.2R	3000000	3300000	12
iso1.2R	3300000	3600000	35
iso1.2R	3600000	3900000	21
iso1.2R	3900000	4200000	24
iso1.2R	4200000	4500000	33
iso1.2R	4500000	4800000	34
iso1.2R	4800000	5100000	23
iso1.2R	5100000	5400000	30
iso1.2R	5400000	5700000	22
iso1.2R	5700000	6000000	27
iso1.2R	6000000	6300000	31
iso1.2R	6300000	6600000	27
iso1.2R	6600000	6900000	27
iso1.2R	6900000	7200000	18
iso1.2R	7200000	7500000	15
iso1.2R	7500000	7800000	32
iso1.2R	7800000	8100000	23
iso1.2R	8100000	8400000	22
iso1.2R	8400000	8700000	23
iso1.2R	8700000	9000000	19
iso1.2R	9000000	9300000	37
iso1.2R	9300000	9600000	25
iso1.2R	9600000	9900000	36
iso1.2R	9900000	10200000	13
iso1.2R	10200000	10500000	30
iso1.2R	10500000	10800000	21
iso1.2R	10800000	11100000	41
iso1.2R	11100000	11400000	15
iso1.2R	11400000	11700000	24
iso1.2R	11700000	12000000	25
iso1.2R	12000000	12300000	20
iso1.2R	12300000	12600000	21
iso1.2R	12600000	12900000	23
iso1.2R	12900000	13200000	24
iso1.2R	13200000	13500000	20
iso1.2R	13500000	13800000	19
iso1.2R	13800000	14100000	20
iso1.2R	14100000	14400000	27
iso1.2R	14400000	14700000	32
iso1.2R	14700000	15000000	12
iso1.2R	15000000	15300000	11
iso1.2R	15300000	15600000	18
iso1.2R	15600000	15824540	13
iso1.3L	0	300000	19
iso1.3L	300000	600000	14
iso1.3L	600000	900000	25
iso1.3L	900000	1200000	28
iso1.3L	1200000	1500000	18
iso1.3L	1500000	1800000	14
iso1.3L	1800000	2100000	28
iso1.3L	2100000	2400000	27
iso1.3L	2400000	2700000	18
iso1.3L	2700000	3000000	27
iso1.3L	3000000	3300000	24
iso1.3L	3300000	3600000	29
iso1.3L	3600000	3900000	22
iso1.3L	3900000	4200000	20
iso1.3L	4200000	4500000	22
iso1.3L	4500000	4800000	28
iso1.3L	4800000	5100000	29
iso1.3L	5100000	5400000	31
iso1.3L	5400000	5700000	19
iso1.3L	5700000	6000000	32
iso1.3L	6000000	6300000	19
iso1.3L	6300000	6600000	23
iso1.3L	6600000	6900000	22
iso1.3L	6900000	7200000	31
iso1.3L	7200000	7500000	24
iso1.3L	7500000	7800000	23
iso1.3L	7800000	8100000	26
iso1.3L	8100000	8400000	14
iso1.3L	8400000	8700000	14
iso1.3L	8700000	9000000	14
iso1.3L	9000000	9300000	27
iso1.3L	9300000	9600000	26
iso1.3L	9600000	9900000	33
iso1.3L	9900000	10200000	32
iso1.3L	10200000	10500000	12
iso1.3L	10500000	10800000	21
iso1.3L	10800000	11100000	19
iso1.3L	11100000	11400000	35
iso1.3L	11400000	11700000	32
iso1.3L	11700000	12000000	20
iso1.3L	12000000	12300000	19
iso1.3L	12300000	12600000	18
iso1.3L	12600000	12900000	27
iso1.3L	12900000	13200000	25
iso1.3L	13200000	13500000	38
iso1.3L	13500000	13800000	30
iso1.3L	13800000	14100000	25
iso1.3L	14100000	14400000	25
iso1.3L	14400000	14700000	19
iso1.3L	14700000	15000000	20
iso1.3L	15000000	15300000	22
iso1.3L	15300000	15600000	20
iso1.3L	15600000	15900000	38
iso1.3L	15900000	16200000	26
iso1.3L	16200000	16500000	18
iso1.3L	16500000	16800000	31
iso1.3L	16800000	17100000	39
iso1.3L	17100000	17400000	21
iso1.3L	17400000	17700000	39
iso1.3L	17700000	18000000	43
iso1.3L	18000000	18279861	34
iso1.3R	0	300000	11
iso1.3R	300000	600000	17
iso1.3R	600000	900000	28
iso1.3R	900000	1200000	20
iso1.3R	1200000	1500000	35
iso1.3R	1500000	1800000	40
iso1.3R	1800000	2100000	40
iso1.3R	2100000	2400000	20
iso1.3R	2400000	2700000	38
iso1.3R	2700000	3000000	82
iso1.3R	3000000	3300000	53
iso1.3R	3300000	3600000	22
iso1.3R	3600000	3900000	33
iso1.3R	3900000	4200000	26
iso1.3R	4200000	4500000	20
iso1.3R	4500000	4800000	35
iso1.3R	4800000	5100000	19
iso1.3R	5100000	5400000	19
iso1.3R	5400000	5700000	49
iso1.3R	5700000	6000000	11
iso1.3R	6000000	6300000	24
iso1.3R	6300000	6600000	16
iso1.3R	6600000	6900000	14
iso1.3R	6900000	7200000	13
iso1.3R	7200000	7500000	10
iso1.3R	7500000	7800000	25
iso1.3R	7800000	8100000	35
iso1.3R	8100000	8400000	25
iso1.3R	8400000	8700000	28
iso1.3R	8700000	9000000	22
iso1.3R	9000000	9300000	14
iso1.3R	9300000	9600000	32
iso1.3R	9600000	9900000	15
iso1.3R	9900000	10200000	26
iso1.3R	10200000	10500000	32
iso1.3R	10500000	10800000	30
iso1.3R	10800000	11100000	36
iso1.3R	11100000	11400000	30
iso1.3R	11400000	11700000	19
iso1.3R	11700000	12000000	26
iso1.3R	12000000	12300000	31
iso1.3R	12300000	12600000	24
iso1.3R	12600000	12900000	22
iso1.3R	12900000	13200000	20
iso1.3R	13200000	13500000	17
iso1.3R	13500000	13800000	34
iso1.3R	13800000	14100000	25
iso1.3R	14100000	14400000	24
iso1.3R	14400000	14700000	15
iso1.3R	14700000	15000000	19
iso1.3R	15000000	15300000	24
iso1.3R	15300000	15600000	15
iso1.3R	15600000	15900000	22
iso1.3R	15900000	16200000	25
iso1.3R	16200000	16500000	22
iso1.3R	16500000	16800000	17
iso1.3R	16800000	17100000	16
iso1.3R	17100000	17400000	19
iso1.3R	17400000	17700000	21
iso1.3R	17700000	18000000	23
iso1.3R	18000000	18300000	24
iso1.3R	18300000	18600000	29
iso1.3R	18600000	18900000	40
iso1.3R	18900000	19200000	21
iso1.3R	19200000	19500000	31
iso1.3R	19500000	19800000	18
iso1.3R	19800000	20100000	34
iso1.3R	20100000	20400000	18
iso1.3R	20400000	20700000	15
iso1.3R	20700000	21000000	20
iso1.3R	21000000	21300000	23
iso1.3R	21300000	21600000	20
iso1.3R	21600000	21900000	30
iso1.3R	21900000	22200000	27
iso1.3R	22200000	22348060	4
iso1.X	0	300000	19
iso1.X	300000	600000	27
iso1.X	600000	900000	27
iso1.X	900000	1200000	15
iso1.X	1200000	1500000	45
iso1.X	1500000	1800000	12
iso1.X	1800000	2100000	13
iso1.X	2100000	2400000	16
iso1.X	2400000	2700000	28
iso1.X	2700000	3000000	44
iso1.X	3000000	3300000	29
iso1.X	3300000	3600000	26
iso1.X	3600000	3900000	14
iso1.X	3900000	4200000	29
iso1.X	4200000	4500000	22
iso1.X	4500000	4800000	34
iso1.X	4800000	5100000	33
iso1.X	5100000	5400000	18
iso1.X	5400000	5700000	22
iso1.X	5700000	6000000	9
iso1.X	6000000	6300000	58
iso1.X	6300000	6600000	14
iso1.X	6600000	6900000	32
iso1.X	6900000	7200000	27
iso1.X	7200000	7500000	12
iso1.X	7500000	7800000	28
iso1.X	7800000	8100000	26
iso1.X	8100000	8400000	13
iso1.X	8400000	8700000	36
iso1.X	8700000	9000000	12
iso1.X	9000000	9300000	25
iso1.X	9300000	9600000	24
iso1.X	9600000	9900000	40
iso1.X	9900000	10200000	34
iso1.X	10200000	10500000	43
iso1.X	10500000	10800000	29
iso1.X	10800000	11100000	30
iso1.X	11100000	11400000	42
iso1.X	11400000	11700000	11
iso1.X	11700000	12000000	25
iso1.X	12000000	12300000	22
iso1.X	12300000	12600000	29
iso1.X	12600000	12900000	34
iso1.X	12900000	13200000	35
iso1.X	13200000	13500000	20
iso1.X	13500000	13800000	31
iso1.X	13800000	14100000	31
iso1.X	14100000	14400000	40
iso1.X	14400000	14700000	38
iso1.X	14700000	15000000	33
iso1.X	15000000	15300000	22
iso1.X	15300000	15600000	13
iso1.X	15600000	15900000	14
iso1.X	15900000	16200000	11
iso1.X	16200000	16500000	18
iso1.X	16500000	16800000	27
iso1.X	16800000	17100000	23
iso1.X	17100000	17400000	22
iso1.X	17400000	17700000	29
iso1.X	17700000	18000000	32
iso1.X	18000000	18300000	24
iso1.X	18300000	18600000	22
iso1.X	18600000	18652089	2
